1,3194,-0.10,0.95,0.25
2,3241,-3.71,-2.59,-0.06
1,3243,-0.15,0.95,0.25
1,3295,-0.15,0.95,0.25
2,3343,0.71,-0.29,-0.53
3,3320,114.96
1,3345,-0.10,0.95,0.25
1,3393,-0.10,0.95,0.25
1,3445,-0.10,0.95,0.25
2,3445,0.00,-0.06,2.65
1,3495,-0.15,0.95,0.25
3,3521,114.93
1,3547,-0.10,0.95,0.30
2,3547,0.71,1.59,-1.24
1,3597,-0.10,0.95,0.25
1,3645,-0.15,0.95,0.25
2,3645,-0.18,1.18,2.71
1,3697,-0.15,0.95,0.25
3,3723,115.15
1,3747,-0.15,0.95,0.25
2,3747,-3.59,0.00,-3.12
1,3799,-0.10,0.95,0.25
2,3847,2.18,0.06,1.00
1,3853,-0.10,0.95,0.25
1,3903,-0.15,0.95,0.30
3,3925,115.28
2,3949,1.06,-0.82,-2.94
1,3955,-0.15,0.95,0.25
1,4005,-0.10,0.95,0.25
2,4051,-2.94,-4.71,-0.24
1,4057,-0.10,0.95,0.25
1,4107,-0.15,0.95,0.30
3,4126,115.18
2,4153,-4.18,-1.12,-3.76
1,4159,-0.15,0.95,0.25
1,4209,-0.15,0.95,0.25
2,4255,-4.18,-0.94,-1.41
1,4261,-0.10,0.95,0.30
1,4311,-0.10,0.95,0.25
3,4328,115.04
2,4357,0.00,4.65,3.41
1,4363,-0.15,0.95,0.25
1,4413,-0.20,0.95,0.30
2,4459,13.06,4.35,-8.47
1,4465,-0.15,0.95,0.25
1,4515,-0.10,0.95,0.30
3,4529,115.06
2,4561,-8.76,-7.47,3.18
1,4567,-0.15,0.95,0.30
1,4617,-0.15,0.95,0.25
2,4663,-2.35,3.00,-7.71
1,4669,-0.15,0.95,0.30
1,4719,-0.15,0.95,0.30
3,4729,115.06
2,4765,2.29,-7.59,-9.41
1,4771,-0.10,0.95,0.25
1,4821,-0.10,0.95,0.25
2,4867,11.29,13.29,23.82
1,4873,-0.15,0.95,0.25
1,4923,-0.15,0.95,0.25
3,4930,115.03
2,4969,-8.24,20.88,-1.65
1,4975,-0.15,0.95,0.30
1,5025,-0.15,0.95,0.25
2,5071,16.82,40.29,12.12
1,5077,-0.15,1.00,0.25
1,5127,-0.15,0.95,0.25
3,5132,114.85
2,5173,-6.29,38.59,-5.94
1,5179,-0.15,0.95,0.30
1,5229,-0.15,0.95,0.20
2,5275,4.88,14.65,11.71
1,5281,-0.10,1.00,0.20
1,5331,-0.15,0.95,0.20
3,5333,114.72
2,5377,-6.88,-16.47,-10.53
1,5383,-0.15,0.95,0.25
1,5437,-0.20,0.95,0.20
2,5479,-2.47,11.88,-3.82
1,5487,-0.20,0.95,0.25
1,5539,-0.20,0.95,0.25
3,5534,114.63
2,5581,-3.24,18.35,2.88
1,5589,-0.15,0.95,0.25
1,5641,-0.15,0.95,0.20
2,5683,11.65,-11.76,24.71
1,5691,-0.20,0.95,0.20
1,5743,-0.25,0.95,0.20
3,5735,114.58
2,5785,0.76,62.00,5.12
1,5793,-0.25,0.95,0.20
1,5845,-0.20,0.95,0.25
2,5887,24.82,31.88,-4.35
1,5895,-0.10,0.95,0.15
1,5947,-0.10,0.95,0.15
3,5937,114.69
2,5989,-17.82,-14.00,-13.29
1,5997,-0.10,0.95,0.15
1,6049,-0.15,1.00,0.15
2,6091,-10.00,-18.76,0.88
1,6099,-0.15,0.95,0.20
1,6151,-0.15,0.95,0.20
3,6138,115.03
2,6193,-3.00,-16.00,12.18
1,6201,-0.15,0.95,0.15
1,6253,-0.15,0.95,0.15
2,6295,0.18,1.06,33.24
1,6303,-0.10,0.95,0.15
1,6355,-0.15,0.90,0.25
3,6339,114.90
2,6397,-30.24,-10.65,0.18
1,6405,-0.20,0.95,0.30
1,6457,-0.10,1.05,0.20
2,6499,-7.24,42.59,-9.82
1,6507,-0.20,1.15,0.35
1,6559,-1.10,1.95,1.00
3,6541,114.89
2,6601,-80.65,60.41,-573.00
1,6609,-1.90,3.10,1.15
1,6661,-1.55,3.50,1.25
2,6702,-396.71,-9.59,-825.06
1,6711,-0.80,3.45,0.75
32,6742
1,6845,0.05,3.05,0.10
2,6845,42.53,57.76,-110.41
3,6845,115.69
1,6896,0.80,1.20,0.00
1,6948,0.75,0.10,0.00
2,6948,62.76,-58.76,114.12
1,6998,0.45,-0.40,0.00
3,7046,115.32
1,7050,0.25,-0.65,0.00
2,7050,63.29,-27.53,141.71
1,7100,0.00,-0.75,0.00
1,7152,0.00,-0.65,0.00
2,7152,93.53,-22.12,168.35
1,7202,-0.05,-0.50,0.00
3,7246,115.71
1,7254,-0.30,-0.35,0.20
2,7254,60.12,-12.12,272.88
1,7304,-0.60,-0.20,0.20
1,7356,-0.85,-0.10,0.25
2,7356,70.94,6.94,253.18
1,7406,-1.00,0.05,0.30
3,7446,115.11
1,7458,-1.05,0.30,0.35
2,7458,84.29,5.65,224.94
1,7508,-1.05,0.50,0.50
1,7560,-1.35,0.70,0.65
2,7560,-88.71,-102.29,160.59
1,7610,-1.35,0.75,0.35
3,7646,114.82
1,7661,-0.90,0.70,0.20
2,7661,53.65,2.35,19.35
1,7712,-0.60,0.65,0.30
1,7764,-0.60,0.65,0.35
2,7764,9.76,-37.18,14.29
1,7814,-0.65,0.70,0.35
3,7847,114.90
1,7867,-0.65,0.75,0.35
2,7867,8.82,-19.71,14.24
1,7917,-0.65,0.75,0.30
1,7969,-0.60,0.70,0.25
2,7969,39.12,31.41,46.53
1,8019,-0.50,0.75,0.30
3,8024,114.93
1,8071,-0.45,0.80,0.25
2,8071,30.53,11.41,66.06
1,8121,-0.50,0.85,0.25
1,8173,-0.45,0.85,0.25
2,8173,7.00,-11.12,54.12
1,8223,-0.35,0.90,0.20
3,8225,114.78
1,8275,-0.30,0.95,0.20
2,8275,19.94,-77.00,72.71
1,8329,-0.30,0.95,0.20
2,8377,5.59,-48.12,53.76
1,8379,-0.25,1.00,0.20
1,8431,-0.30,1.05,0.15
3,8426,115.21
2,8479,14.94,16.35,-54.53
1,8481,-0.35,1.00,0.10
1,8533,-0.30,0.90,0.15
2,8581,38.76,115.35,-34.41
1,8583,-0.20,1.00,0.20
1,8635,-0.10,0.95,0.25
3,8627,114.93
2,8683,-64.06,-45.18,-5.82
1,8685,-0.10,1.00,0.15
1,8737,-0.10,1.00,0.10
2,8785,47.29,-72.29,-13.65
1,8787,-0.05,0.90,0.10
1,8839,-0.10,1.05,0.05
3,8828,115.01
2,8887,18.59,-6.82,129.29
1,8889,-0.10,1.05,0.10
1,8941,-0.10,0.95,0.10
2,8989,-22.53,1.24,-3.18
1,8991,-0.05,0.95,0.05
1,9042,-0.05,0.95,0.05
3,9028,114.92
2,9090,-44.00,-56.12,-178.82
1,9093,0.05,0.85,0.05
1,9145,0.00,1.05,0.05
2,9193,-5.12,39.59,117.59
1,9195,-0.05,1.15,0.05
1,9246,0.00,1.05,0.10
3,9230,114.97
2,9295,30.29,52.35,35.47
1,9297,0.00,1.00,0.00
1,9349,0.00,1.00,0.05
2,9397,10.06,1.47,42.71
1,9399,0.00,1.05,0.00
1,9451,0.00,1.05,0.00
3,9431,115.07
2,9499,14.47,-57.00,27.41
1,9501,0.00,1.05,0.05
1,9553,0.00,1.00,0.05
2,9600,-18.59,-9.00,-18.88
1,9603,0.00,1.00,0.00
1,9655,0.00,1.00,0.00
3,9631,114.85
2,9703,-8.06,8.06,-56.76
1,9705,0.00,1.00,0.05
1,9753,0.00,1.05,0.05
1,9805,0.00,1.00,0.05
2,9805,-33.41,1.71,-32.29
1,9856,0.00,1.00,0.05
3,9832,115.36
1,9908,0.00,1.00,0.05
2,9908,-23.88,10.88,-40.18
1,9962,0.00,1.05,0.05
2,10010,-13.53,-0.47,-23.88
1,10012,0.00,1.00,0.05
3,10034,115.35
1,10064,0.00,1.00,0.05
2,10112,-1.59,-13.71,16.94
1,10114,0.00,1.00,0.05
1,10166,0.00,1.00,0.05
2,10214,15.18,2.82,23.00
1,10216,0.00,1.00,0.05
3,10234,114.90
1,10268,0.00,1.05,0.05
2,10316,17.94,-9.53,39.65
1,10318,0.00,1.00,0.05
1,10370,-0.05,1.00,0.05
2,10418,19.47,-24.71,12.18
1,10420,-0.05,1.00,0.05
3,10436,114.99
1,10471,-0.05,1.00,0.05
2,10519,1.06,-4.24,-14.47
1,10522,-0.05,1.00,0.05
1,10574,-0.05,1.00,0.05
2,10622,-22.35,13.29,-37.47
1,10624,-0.05,1.00,0.05
3,10637,114.88
1,10676,-0.05,1.00,0.05
2,10724,-29.59,16.82,-51.29
1,10726,0.00,1.00,0.05
1,10778,0.00,1.00,0.05
2,10826,-19.24,15.06,-8.88
1,10828,0.00,1.05,0.05
3,10839,114.63
1,10880,0.00,1.00,0.05
2,10928,-10.41,9.76,2.06
1,10930,0.00,1.00,0.05
1,10982,0.00,1.00,0.05
2,11030,6.47,8.29,16.18
1,11032,0.00,1.00,0.05
3,11039,114.72
1,11084,-0.05,1.05,0.05
2,11132,17.06,-23.12,39.59
1,11134,0.00,1.00,0.05
1,11186,0.00,1.00,0.05
2,11234,7.71,-7.29,9.29
1,11236,-0.05,1.00,0.05
3,11241,114.95
1,11288,-0.05,1.00,0.05
2,11336,2.88,2.59,-1.82
1,11338,-0.05,1.00,0.05
1,11389,-0.05,1.00,0.05
2,11438,1.18,2.82,-13.18
1,11440,-0.05,1.00,0.05
3,11441,115.13
1,11492,-0.05,1.00,0.05
2,11540,-7.53,-4.00,-42.71
1,11546,0.00,1.00,0.05
1,11596,0.00,1.00,0.05
2,11642,-3.94,-2.71,0.41
1,11648,0.00,1.00,0.05
3,11643,114.67
1,11698,0.00,1.00,0.05
2,11744,-8.65,-1.88,0.76
1,11750,0.00,1.00,0.05
1,11800,0.00,1.00,0.05
2,11842,-4.00,7.18,29.06
1,11852,0.00,1.00,0.05
3,11844,115.29
1,11902,0.00,1.00,0.05
2,11942,2.12,2.24,26.18
1,11955,0.00,1.00,0.05
1,12005,0.00,1.00,0.05
2,12045,4.94,5.53,1.65
1,12057,-0.05,1.00,0.05
3,12045,115.15
1,12107,-0.05,1.00,0.05
2,12147,4.35,11.18,-11.94
1,12159,-0.05,1.00,0.05
1,12209,-0.05,1.00,0.05
2,12249,-5.24,6.06,-11.18
1,12261,0.00,1.00,0.05
3,12246,114.97
1,12311,0.00,1.00,0.05
2,12351,-3.88,2.53,-8.94
1,12363,0.00,1.00,0.05
1,12413,0.00,1.00,0.05
2,12453,-1.65,2.35,2.76
1,12465,0.00,1.00,0.05
3,12448,114.79
1,12515,0.00,1.00,0.05
2,12555,-0.41,1.35,25.35
1,12567,0.00,1.00,0.05
1,12617,0.00,1.00,0.05
2,12657,0.94,-1.59,12.94
1,12669,0.00,1.00,0.05
3,12649,114.81
1,12719,0.00,1.00,0.05
2,12759,-4.29,7.76,1.29
1,12771,-0.05,1.00,0.05
1,12821,0.00,1.00,0.05
2,12861,1.82,7.00,-5.65
1,12873,0.00,1.00,0.05
3,12851,115.04
1,12923,0.00,1.00,0.05
2,12963,-1.82,5.35,-7.18
1,12975,0.00,1.00,0.05
1,13025,0.00,1.00,0.05
2,13065,-4.24,-0.94,-11.65
1,13118,0.00,1.00,0.05
3,13118,114.35
2,13166,-0.71,-3.24,0.41
1,13166,0.00,1.00,0.05
1,13217,0.00,1.00,0.05
1,13265,0.00,1.00,0.05
2,13265,0.71,-7.06,10.53
1,13319,0.00,1.00,0.05
3,13319,114.95
1,13369,0.00,1.00,0.05
2,13369,0.71,-7.06,8.06
1,13417,0.00,1.00,0.05
1,13469,0.00,1.00,0.05
2,13469,1.53,-1.12,0.24
3,13519,114.82
1,13520,0.00,1.00,0.05
1,13572,0.00,1.00,0.05
2,13572,-1.24,0.53,-6.59
1,13622,0.00,1.00,0.05
1,13674,0.00,1.00,0.05
2,13674,-3.94,0.41,-3.65
3,13720,115.15
1,13724,0.00,1.00,0.05
1,13776,0.00,1.00,0.05
2,13776,-5.06,2.29,-5.65
1,13826,0.00,1.00,0.05
1,13878,0.00,1.00,0.05
2,13878,-0.71,1.35,2.71
3,13897,114.79
1,13928,0.00,1.00,0.05
1,13980,0.00,1.00,0.05
2,13980,2.41,-1.53,6.59
1,14030,0.00,1.00,0.05
1,14082,0.00,1.00,0.05
2,14082,0.41,-2.82,2.29
3,14098,114.66
1,14132,0.00,1.00,0.05
1,14184,0.00,1.00,0.05
2,14184,-1.00,-0.24,-0.65
1,14234,0.00,1.00,0.05
1,14286,0.00,1.00,0.05
2,14286,-2.76,0.47,-5.24
3,14298,114.96
1,14336,0.00,1.00,0.05
1,14388,0.00,1.00,0.05
2,14388,-3.35,-0.53,-5.24
1,14438,0.00,1.00,0.05
1,14490,0.00,1.00,0.05
2,14490,-1.71,-1.35,-0.35
3,14498,114.68
1,14540,0.00,1.00,0.05
1,14592,0.00,1.00,0.05
2,14592,-0.18,-0.94,3.29
1,14642,0.00,1.00,0.05
1,14694,0.00,1.00,0.05
2,14694,-0.35,-1.00,2.29
3,14723,114.58
1,14745,0.00,1.00,0.05
1,14797,0.00,1.00,0.05
2,14797,-1.12,0.35,-1.24
1,14847,0.00,1.00,0.05
1,14899,0.00,1.00,0.05
2,14899,-2.29,0.35,-3.18
3,14899,114.52
1,14953,0.00,1.00,0.05
2,15001,-1.71,-1.35,-2.76
1,15003,0.00,1.00,0.05
1,15055,0.00,1.00,0.05
2,15103,-0.06,-0.29,-0.18
1,15105,0.00,1.00,0.05
3,15100,114.53
1,15157,0.00,1.00,0.05
2,15205,-0.88,-1.65,1.82
1,15207,0.00,1.00,0.05
1,15259,0.00,1.00,0.05
2,15306,-1.88,-1.59,0.59
1,15309,0.00,1.00,0.05
3,15301,114.71
1,15361,0.00,1.00,0.05
2,15409,-1.47,-0.35,-1.29
1,15411,0.00,1.00,0.05
1,15463,0.00,1.00,0.05
2,15511,-0.82,0.29,-2.12
1,15513,0.00,1.00,0.05
3,15501,114.66
1,15565,0.00,1.00,0.05
2,15613,-1.18,-0.18,-1.53
1,15615,0.00,1.00,0.05
1,15667,0.00,1.00,0.05
2,15715,-1.47,-0.41,0.35
1,15717,0.00,1.00,0.05
3,15703,114.77
1,15769,0.00,1.00,0.05
2,15817,-1.71,-0.82,0.94
1,15819,0.00,1.00,0.05
1,15871,0.00,1.00,0.05
2,15919,-1.00,-0.47,0.00
1,15921,0.00,1.00,0.05
3,15904,114.75
1,15972,0.00,1.00,0.05
2,16021,-1.18,-0.29,-1.53
1,16023,0.00,1.00,0.05
1,16075,0.00,1.00,0.05
2,16123,-0.94,-0.47,-1.76
1,16125,0.00,1.00,0.05
3,16105,114.67
1,16177,0.00,1.00,0.05
2,16225,-0.18,0.06,-0.65
1,16227,0.00,1.00,0.05
1,16279,0.00,1.00,0.05
2,16327,-1.76,-0.82,0.35
1,16329,0.00,1.00,0.05
3,16305,115.17
1,16381,0.00,1.00,0.05
2,16429,-2.94,-1.06,0.24
1,16435,0.00,1.00,0.05
1,16485,0.00,1.00,0.05
2,16531,-1.47,-0.24,-0.65
3,16531,115.07
1,16537,0.00,1.00,0.05
1,16587,0.00,1.00,0.05
2,16629,0.47,0.53,-1.82
1,16639,0.00,1.00,0.05
1,16689,0.00,1.00,0.05
2,16731,-0.53,1.00,0.29
3,16731,114.99
1,16741,0.00,1.00,0.05
1,16791,0.00,1.00,0.05
2,16831,-2.35,-1.35,0.12
1,16843,0.00,1.00,0.05
1,16893,0.00,1.00,0.05
3,16931,114.91
2,16933,-1.59,-0.82,-0.53
1,16945,0.00,1.00,0.05
1,16995,0.00,1.00,0.05
2,17035,-0.35,0.53,-0.71
1,17047,0.00,1.00,0.05
1,17097,0.00,1.00,0.05
3,17108,115.09
2,17137,-1.12,0.00,0.00
1,17149,0.00,1.00,0.05
1,17199,0.00,1.00,0.05
2,17239,-1.41,0.00,-1.06
1,17251,0.00,1.00,0.05
1,17301,0.00,1.00,0.05
3,17309,115.11
2,17341,-2.59,-1.24,-0.59
1,17353,0.00,1.00,0.05
1,17403,0.00,1.00,0.05
2,17443,-0.29,0.94,0.12
1,17455,0.00,1.00,0.05
1,17505,0.00,1.00,0.05
3,17509,114.85
2,17545,-1.06,0.65,-1.47
1,17557,0.00,1.00,0.05
1,17607,0.00,1.00,0.05
2,17647,-3.29,-1.59,1.71
1,17659,0.00,1.00,0.05
1,17713,0.00,1.00,0.05
3,17709,114.97
2,17749,-0.18,-1.94,2.53
1,17763,0.00,1.00,0.05
1,17815,0.00,1.00,0.05
2,17851,2.41,1.71,-5.12
1,17865,0.00,1.00,0.05
1,17917,0.00,1.00,0.05
3,17911,114.96
2,17953,4.29,4.12,-3.88
1,17967,0.00,1.00,0.05
1,18019,0.00,1.00,0.05
2,18055,-1.41,0.00,2.00
1,18069,0.00,1.00,0.05
1,18121,0.00,1.00,0.05
3,18112,115.36
2,18157,-5.65,-3.59,5.47
1,18171,0.00,1.00,0.05
1,18223,0.00,1.00,0.05
2,18259,-4.41,-1.29,-0.12
1,18273,0.00,1.00,0.05
1,18325,0.00,1.00,0.05
3,18313,114.95
2,18361,-0.94,1.29,-7.53
1,18375,0.00,1.00,0.05
1,18427,0.00,1.00,0.05
2,18463,1.12,0.94,-5.35
1,18477,0.00,1.00,0.05
1,18529,0.00,1.00,0.05
3,18514,114.99
2,18561,-3.12,-1.24,1.76
1,18580,0.00,1.00,0.05
1,18632,0.00,1.00,0.05
2,18664,-3.00,-3.24,7.88
1,18682,0.00,1.00,0.05
1,18734,0.00,1.00,0.05
3,18716,115.09
2,18764,-1.12,-0.47,2.06
1,18784,0.00,1.00,0.05
1,18836,0.00,1.00,0.05
2,18866,0.18,-0.18,-3.06
1,18886,0.00,1.00,0.05
1,18938,0.00,1.00,0.05
3,18916,115.21
2,18968,-0.12,1.82,-4.76
1,18988,0.00,1.00,0.05
1,19040,0.00,1.00,0.05
2,19070,-0.65,2.65,0.88
1,19090,0.00,1.00,0.05
1,19142,0.00,1.00,0.05
3,19118,114.79
2,19172,-3.12,0.24,0.35
1,19192,0.00,1.00,0.05
1,19240,0.00,1.00,0.05
2,19275,-1.88,0.12,0.18
1,19293,0.00,1.00,0.05
3,19343,115.10
1,19344,0.00,1.00,0.05
2,19378,1.65,4.12,4.41
1,19396,0.00,1.00,0.05
1,19446,0.00,1.00,0.05
2,19480,1.65,1.76,0.29
1,19498,0.00,1.00,0.05
3,19544,114.77
1,19548,0.00,1.00,0.05
2,19582,-2.24,0.18,-6.59
1,19600,0.00,1.00,0.05
1,19650,0.00,1.00,0.05
2,19684,2.65,1.24,-5.24
1,19702,0.00,1.00,0.05
3,19721,114.77
1,19752,0.00,1.00,0.05
2,19786,-1.88,-1.71,-0.06
1,19804,0.00,1.00,0.05
1,19854,0.00,1.00,0.05
2,19888,-7.18,-2.47,4.47
1,19906,0.00,1.00,0.05
3,19921,115.15
1,19956,0.00,1.00,0.05
2,19990,-10.59,-6.24,6.29
1,20008,0.00,1.00,0.05
1,20058,0.00,1.00,0.00
2,20092,-1.12,-3.18,1.18
1,20110,0.00,1.00,0.00
3,20122,115.23
1,20160,0.00,1.00,0.00
2,20194,10.29,6.35,-9.00
1,20212,0.00,1.00,0.05
1,20262,0.00,1.00,0.05
2,20296,4.71,4.35,-8.76
1,20314,0.00,1.00,0.05
3,20322,115.14
1,20364,0.00,1.00,0.05
2,20398,-4.00,-1.41,3.76
1,20416,0.00,1.00,0.05
1,20466,0.00,1.00,0.05
2,20496,-6.94,-7.94,6.00
1,20518,0.00,1.00,0.05
3,20524,115.18
1,20568,0.00,1.00,0.05
2,20598,-2.12,-4.18,0.65
1,20620,0.00,1.00,0.05
1,20670,0.00,1.00,0.05
2,20698,0.76,-0.53,-2.35
1,20722,0.00,1.00,0.05
3,20725,114.97
1,20772,0.00,1.00,0.05
2,20800,1.06,-0.24,-3.47
1,20824,0.00,1.00,0.05
1,20874,0.00,1.00,0.05
2,20898,-1.82,-0.24,-1.24
1,20926,0.00,1.00,0.05
3,20926,114.89
1,20976,0.00,1.00,0.05
2,21000,-3.53,-0.24,1.24
1,21024,0.00,1.00,0.05
1,21076,0.00,1.00,0.05
2,21100,-4.41,-0.53,3.41
1,21130,0.00,1.00,0.05
3,21126,114.92
1,21180,0.00,1.00,0.05
2,21202,-2.71,-0.53,-1.65
1,21232,0.00,1.00,0.05
1,21282,0.00,1.00,0.05
2,21304,1.47,-1.59,-1.65
1,21334,0.00,1.00,0.05
3,21352,114.96
1,21384,0.00,1.00,0.05
2,21406,3.76,1.82,-2.71
1,21436,0.00,1.00,0.05
1,21486,0.00,1.00,0.05
2,21508,0.88,1.76,0.35
1,21538,0.00,1.00,0.05
3,21553,114.96
1,21588,0.00,1.00,0.05
2,21610,-5.88,-3.47,1.71
1,21640,0.00,1.00,0.05
1,21690,0.00,1.00,0.05
2,21712,-5.47,-3.24,0.06
1,21742,0.00,1.00,0.05
3,21730,115.02
1,21792,0.00,1.00,0.05
2,21814,0.41,1.41,0.35
#hello 
1,21844,0.00,1.00,0.30
